Hello from error-compare!
Please run this from cnsgenomics
reading mummer
reading fastani
reading hypergen
z16default.out
merging
{}
writing results
Aligned bases vs AI mummer
           file1          file2  ...  Error_fastani  Error_hypergen
0  GCA_000009765  GCA_005406005  ...        -0.0039          0.4513
1  GCA_000009765  GCA_005405965  ...         0.0029          0.4484
2  GCA_000010605  GCA_009866455  ...         0.0228          0.0664
3  GCA_000091305  GCA_000738715  ...        -0.1051          0.0458
4  GCA_000091305  GCA_033792695  ...         0.0220          0.0521

[5 rows x 8 columns]
Pearson: 0.8159671763416432, R^2: 0.6658024328669542
Slope: SCC 0.840494829983473
Is there any correlation? p-value=8.052929136363095e-70
Negative correlation? p-value=1.0
Positive correlation? p-value=4.026464568181547e-70
AI_mummer vs Error fastani
           file1          file2  ...  Error_fastani  Error_hypergen
0  GCA_000009765  GCA_005406005  ...        -0.0039          0.4513
1  GCA_000009765  GCA_005405965  ...         0.0029          0.4484
2  GCA_000010605  GCA_009866455  ...         0.0228          0.0664
3  GCA_000091305  GCA_000738715  ...        -0.1051          0.0458
4  GCA_000091305  GCA_033792695  ...         0.0220          0.0521

[5 rows x 8 columns]
Pearson: 0.2196331431845651, R^2: 0.04823871758513167
Slope: SCC 0.224209442819831
Is there any correlation? p-value=0.00029113452624742847
Negative correlation? p-value=0.9998544327368764
Positive correlation? p-value=0.00014556726312371423
AI_mummer vs fastani
           file1          file2  ...  Error_fastani  Error_hypergen
0  GCA_000009765  GCA_005406005  ...        -0.0039          0.4513
1  GCA_000009765  GCA_005405965  ...         0.0029          0.4484
2  GCA_000010605  GCA_009866455  ...         0.0228          0.0664
3  GCA_000091305  GCA_000738715  ...        -0.1051          0.0458
4  GCA_000091305  GCA_033792695  ...         0.0220          0.0521

[5 rows x 8 columns]
Pearson: 0.9914529495391995, R^2: 0.9829789511499785
Slope: SCC 0.9872607457414863
Is there any correlation? p-value=1.3712702381943e-205
Negative correlation? p-value=1.0
Positive correlation? p-value=6.8563511909715e-206
AI_mummer vs Error_z16default.out
           file1          file2  ...  Error_fastani  Error_hypergen
0  GCA_000009765  GCA_005406005  ...        -0.0039          0.4513
1  GCA_000009765  GCA_005405965  ...         0.0029          0.4484
2  GCA_000010605  GCA_009866455  ...         0.0228          0.0664
3  GCA_000091305  GCA_000738715  ...        -0.1051          0.0458
4  GCA_000091305  GCA_033792695  ...         0.0220          0.0521

[5 rows x 8 columns]
Pearson: 0.6788930741954665, R^2: 0.4608958061905712
Slope: SCC 0.6210252130486297
Is there any correlation? p-value=8.384834287651602e-29
Negative correlation? p-value=1.0
Positive correlation? p-value=4.192417143825801e-29
AI_mummer vs z16default.out
           file1          file2  ...  Error_fastani  Error_hypergen
0  GCA_000009765  GCA_005406005  ...        -0.0039          0.4513
1  GCA_000009765  GCA_005405965  ...         0.0029          0.4484
2  GCA_000010605  GCA_009866455  ...         0.0228          0.0664
3  GCA_000091305  GCA_000738715  ...        -0.1051          0.0458
4  GCA_000091305  GCA_033792695  ...         0.0220          0.0521

[5 rows x 8 columns]
Pearson: 0.9776526136365841, R^2: 0.9558046329504439
Slope: SCC 0.9744370791697188
Is there any correlation? p-value=2.2323213345142778e-167
Negative correlation? p-value=1.0
Positive correlation? p-value=1.1161606672571389e-167
Error_fastani vs Error_z16default.out
           file1          file2  ...  Error_fastani  Error_hypergen
0  GCA_000009765  GCA_005406005  ...        -0.0039          0.4513
1  GCA_000009765  GCA_005405965  ...         0.0029          0.4484
2  GCA_000010605  GCA_009866455  ...         0.0228          0.0664
3  GCA_000091305  GCA_000738715  ...        -0.1051          0.0458
4  GCA_000091305  GCA_033792695  ...         0.0220          0.0521

[5 rows x 8 columns]
Pearson: 0.7582950226280307, R^2: 0.5750113413424456
Slope: SCC 0.7405585830727418
Is there any correlation? p-value=6.38437215923497e-46
Negative correlation? p-value=1.0
Positive correlation? p-value=3.192186079617485e-46
fastani max e: 0.9177999999999997
hypergen max e 1.529900000000012
fastani median e: -0.017400000000009186
hypergen median e -0.03109999999999502
fastani mean e: -0.05682529182879395
hypergen mean e -0.14508015564202353
fastani std e: 0.22081710780646535
hypergen std e 0.41178135956017503
default.out
merging
{}
writing results
Aligned bases vs AI mummer
             file1          file2  ...  Error_fastani  Error_hypergen
10   GCA_000009765  GCA_005406005  ...        -0.0039          0.3463
11   GCA_000009765  GCA_005405965  ...         0.0029          0.3314
95   GCA_000010605  GCA_009866455  ...         0.0228          0.0134
136  GCA_000091305  GCA_000738715  ...        -0.1051         -0.0682
188  GCA_000091305  GCA_033792695  ...         0.0220          0.0381

[5 rows x 8 columns]
Pearson: 0.8159671763416432, R^2: 0.6658024328669542
Slope: SCC 0.840494829983473
Is there any correlation? p-value=8.052929136363095e-70
Negative correlation? p-value=1.0
Positive correlation? p-value=4.026464568181547e-70
AI_mummer vs Error fastani
             file1          file2  ...  Error_fastani  Error_hypergen
10   GCA_000009765  GCA_005406005  ...        -0.0039          0.3463
11   GCA_000009765  GCA_005405965  ...         0.0029          0.3314
95   GCA_000010605  GCA_009866455  ...         0.0228          0.0134
136  GCA_000091305  GCA_000738715  ...        -0.1051         -0.0682
188  GCA_000091305  GCA_033792695  ...         0.0220          0.0381

[5 rows x 8 columns]
Pearson: 0.2196331431845651, R^2: 0.04823871758513167
Slope: SCC 0.224209442819831
Is there any correlation? p-value=0.00029113452624742847
Negative correlation? p-value=0.9998544327368764
Positive correlation? p-value=0.00014556726312371423
AI_mummer vs fastani
             file1          file2  ...  Error_fastani  Error_hypergen
10   GCA_000009765  GCA_005406005  ...        -0.0039          0.3463
11   GCA_000009765  GCA_005405965  ...         0.0029          0.3314
95   GCA_000010605  GCA_009866455  ...         0.0228          0.0134
136  GCA_000091305  GCA_000738715  ...        -0.1051         -0.0682
188  GCA_000091305  GCA_033792695  ...         0.0220          0.0381

[5 rows x 8 columns]
Pearson: 0.9914529495391995, R^2: 0.9829789511499785
Slope: SCC 0.9872607457414863
Is there any correlation? p-value=1.3712702381943e-205
Negative correlation? p-value=1.0
Positive correlation? p-value=6.8563511909715e-206
AI_mummer vs Error_default.out
             file1          file2  ...  Error_fastani  Error_hypergen
10   GCA_000009765  GCA_005406005  ...        -0.0039          0.3463
11   GCA_000009765  GCA_005405965  ...         0.0029          0.3314
95   GCA_000010605  GCA_009866455  ...         0.0228          0.0134
136  GCA_000091305  GCA_000738715  ...        -0.1051         -0.0682
188  GCA_000091305  GCA_033792695  ...         0.0220          0.0381

[5 rows x 8 columns]
Pearson: 0.5928016006321551, R^2: 0.35141373771204515
Slope: SCC 0.5524888027824137
Is there any correlation? p-value=6.106385775172651e-22
Negative correlation? p-value=1.0
Positive correlation? p-value=3.0531928875863254e-22
AI_mummer vs default.out
             file1          file2  ...  Error_fastani  Error_hypergen
10   GCA_000009765  GCA_005406005  ...        -0.0039          0.3463
11   GCA_000009765  GCA_005405965  ...         0.0029          0.3314
95   GCA_000010605  GCA_009866455  ...         0.0228          0.0134
136  GCA_000091305  GCA_000738715  ...        -0.1051         -0.0682
188  GCA_000091305  GCA_033792695  ...         0.0220          0.0381

[5 rows x 8 columns]
Pearson: 0.9833188755636036, R^2: 0.9669160110396698
Slope: SCC 0.9796641227581397
Is there any correlation? p-value=6.6993891024038e-180
Negative correlation? p-value=1.0
Positive correlation? p-value=3.3496945512019e-180
Error_fastani vs Error_default.out
             file1          file2  ...  Error_fastani  Error_hypergen
10   GCA_000009765  GCA_005406005  ...        -0.0039          0.3463
11   GCA_000009765  GCA_005405965  ...         0.0029          0.3314
95   GCA_000010605  GCA_009866455  ...         0.0228          0.0134
136  GCA_000091305  GCA_000738715  ...        -0.1051         -0.0682
188  GCA_000091305  GCA_033792695  ...         0.0220          0.0381

[5 rows x 8 columns]
Pearson: 0.7657252465562028, R^2: 0.5863351532135576
Slope: SCC 0.758711313440633
Is there any correlation? p-value=2.2526773692858205e-49
Negative correlation? p-value=1.0
Positive correlation? p-value=1.1263386846429103e-49
fastani max e: 0.9177999999999997
hypergen max e 1.377900000000011
fastani median e: -0.017400000000009186
hypergen median e -0.041700000000005844
fastani mean e: -0.05682529182879395
hypergen mean e -0.15026692607003897
fastani std e: 0.22081710780646535
hypergen std e 0.34075872999221196
s2400-d131072.out
merging
{}
writing results
Aligned bases vs AI mummer
             file1          file2  ...  Error_fastani  Error_hypergen
13   GCA_000009765  GCA_005406005  ...        -0.0039          0.3593
14   GCA_000009765  GCA_005405965  ...         0.0029          0.3534
83   GCA_000010605  GCA_009866455  ...         0.0228          0.0154
100  GCA_000091305  GCA_000738715  ...        -0.1051         -0.0992
142  GCA_000091305  GCA_033792695  ...         0.0220          0.0421

[5 rows x 8 columns]
Pearson: 0.8159671763416432, R^2: 0.6658024328669542
Slope: SCC 0.840494829983473
Is there any correlation? p-value=8.052929136363095e-70
Negative correlation? p-value=1.0
Positive correlation? p-value=4.026464568181547e-70
AI_mummer vs Error fastani
             file1          file2  ...  Error_fastani  Error_hypergen
13   GCA_000009765  GCA_005406005  ...        -0.0039          0.3593
14   GCA_000009765  GCA_005405965  ...         0.0029          0.3534
83   GCA_000010605  GCA_009866455  ...         0.0228          0.0154
100  GCA_000091305  GCA_000738715  ...        -0.1051         -0.0992
142  GCA_000091305  GCA_033792695  ...         0.0220          0.0421

[5 rows x 8 columns]
Pearson: 0.2196331431845651, R^2: 0.04823871758513167
Slope: SCC 0.224209442819831
Is there any correlation? p-value=0.00029113452624742847
Negative correlation? p-value=0.9998544327368764
Positive correlation? p-value=0.00014556726312371423
AI_mummer vs fastani
             file1          file2  ...  Error_fastani  Error_hypergen
13   GCA_000009765  GCA_005406005  ...        -0.0039          0.3593
14   GCA_000009765  GCA_005405965  ...         0.0029          0.3534
83   GCA_000010605  GCA_009866455  ...         0.0228          0.0154
100  GCA_000091305  GCA_000738715  ...        -0.1051         -0.0992
142  GCA_000091305  GCA_033792695  ...         0.0220          0.0421

[5 rows x 8 columns]
Pearson: 0.9914529495391995, R^2: 0.9829789511499785
Slope: SCC 0.9872607457414863
Is there any correlation? p-value=1.3712702381943e-205
Negative correlation? p-value=1.0
Positive correlation? p-value=6.8563511909715e-206
AI_mummer vs Error_s2400-d131072.out
             file1          file2  ...  Error_fastani  Error_hypergen
13   GCA_000009765  GCA_005406005  ...        -0.0039          0.3593
14   GCA_000009765  GCA_005405965  ...         0.0029          0.3534
83   GCA_000010605  GCA_009866455  ...         0.0228          0.0154
100  GCA_000091305  GCA_000738715  ...        -0.1051         -0.0992
142  GCA_000091305  GCA_033792695  ...         0.0220          0.0421

[5 rows x 8 columns]
Pearson: 0.6640446020269697, R^2: 0.44095523348115656
Slope: SCC 0.642708102469858
Is there any correlation? p-value=2.411382708991537e-31
Negative correlation? p-value=1.0
Positive correlation? p-value=1.2056913544957684e-31
AI_mummer vs s2400-d131072.out
             file1          file2  ...  Error_fastani  Error_hypergen
13   GCA_000009765  GCA_005406005  ...        -0.0039          0.3593
14   GCA_000009765  GCA_005405965  ...         0.0029          0.3534
83   GCA_000010605  GCA_009866455  ...         0.0228          0.0154
100  GCA_000091305  GCA_000738715  ...        -0.1051         -0.0992
142  GCA_000091305  GCA_033792695  ...         0.0220          0.0421

[5 rows x 8 columns]
Pearson: 0.9862170637631615, R^2: 0.9726240968576318
Slope: SCC 0.9810939399987435
Is there any correlation? p-value=6.737453693526694e-184
Negative correlation? p-value=1.0
Positive correlation? p-value=3.368726846763347e-184
Error_fastani vs Error_s2400-d131072.out
             file1          file2  ...  Error_fastani  Error_hypergen
13   GCA_000009765  GCA_005406005  ...        -0.0039          0.3593
14   GCA_000009765  GCA_005405965  ...         0.0029          0.3534
83   GCA_000010605  GCA_009866455  ...         0.0228          0.0154
100  GCA_000091305  GCA_000738715  ...        -0.1051         -0.0992
142  GCA_000091305  GCA_033792695  ...         0.0220          0.0421

[5 rows x 8 columns]
Pearson: 0.7782035146009886, R^2: 0.6056007101373311
Slope: SCC 0.7565298398652179
Is there any correlation? p-value=6.075426221838961e-49
Negative correlation? p-value=1.0
Positive correlation? p-value=3.0377131109194803e-49
fastani max e: 0.9177999999999997
hypergen max e 1.2519000000000062
fastani median e: -0.017400000000009186
hypergen median e -0.06419999999999959
fastani mean e: -0.05682529182879395
hypergen mean e -0.153823346303502
fastani std e: 0.22081710780646535
hypergen std e 0.3291721883894066
z16opt.out
merging
{}
writing results
Aligned bases vs AI mummer
           file1          file2  ...  Error_fastani  Error_hypergen
0  GCA_000009765  GCA_005406005  ...        -0.0039          0.4543
1  GCA_000009765  GCA_005405965  ...         0.0029          0.4264
2  GCA_000010605  GCA_009866455  ...         0.0228          0.0284
3  GCA_000091305  GCA_000738715  ...        -0.1051          0.0228
4  GCA_000091305  GCA_033792695  ...         0.0220          0.0461

[5 rows x 8 columns]
Pearson: 0.8159671763416432, R^2: 0.6658024328669542
Slope: SCC 0.840494829983473
Is there any correlation? p-value=8.052929136363095e-70
Negative correlation? p-value=1.0
Positive correlation? p-value=4.026464568181547e-70
AI_mummer vs Error fastani
           file1          file2  ...  Error_fastani  Error_hypergen
0  GCA_000009765  GCA_005406005  ...        -0.0039          0.4543
1  GCA_000009765  GCA_005405965  ...         0.0029          0.4264
2  GCA_000010605  GCA_009866455  ...         0.0228          0.0284
3  GCA_000091305  GCA_000738715  ...        -0.1051          0.0228
4  GCA_000091305  GCA_033792695  ...         0.0220          0.0461

[5 rows x 8 columns]
Pearson: 0.2196331431845651, R^2: 0.04823871758513167
Slope: SCC 0.224209442819831
Is there any correlation? p-value=0.00029113452624742847
Negative correlation? p-value=0.9998544327368764
Positive correlation? p-value=0.00014556726312371423
AI_mummer vs fastani
           file1          file2  ...  Error_fastani  Error_hypergen
0  GCA_000009765  GCA_005406005  ...        -0.0039          0.4543
1  GCA_000009765  GCA_005405965  ...         0.0029          0.4264
2  GCA_000010605  GCA_009866455  ...         0.0228          0.0284
3  GCA_000091305  GCA_000738715  ...        -0.1051          0.0228
4  GCA_000091305  GCA_033792695  ...         0.0220          0.0461

[5 rows x 8 columns]
Pearson: 0.9914529495391995, R^2: 0.9829789511499785
Slope: SCC 0.9872607457414863
Is there any correlation? p-value=1.3712702381943e-205
Negative correlation? p-value=1.0
Positive correlation? p-value=6.8563511909715e-206
AI_mummer vs Error_z16opt.out
           file1          file2  ...  Error_fastani  Error_hypergen
0  GCA_000009765  GCA_005406005  ...        -0.0039          0.4543
1  GCA_000009765  GCA_005405965  ...         0.0029          0.4264
2  GCA_000010605  GCA_009866455  ...         0.0228          0.0284
3  GCA_000091305  GCA_000738715  ...        -0.1051          0.0228
4  GCA_000091305  GCA_033792695  ...         0.0220          0.0461

[5 rows x 8 columns]
Pearson: 0.6458662051703891, R^2: 0.4171431549811991
Slope: SCC 0.5879174988070568
Is there any correlation? p-value=2.765851008784305e-25
Negative correlation? p-value=1.0
Positive correlation? p-value=1.3829255043921524e-25
AI_mummer vs z16opt.out
           file1          file2  ...  Error_fastani  Error_hypergen
0  GCA_000009765  GCA_005406005  ...        -0.0039          0.4543
1  GCA_000009765  GCA_005405965  ...         0.0029          0.4264
2  GCA_000010605  GCA_009866455  ...         0.0228          0.0284
3  GCA_000091305  GCA_000738715  ...        -0.1051          0.0228
4  GCA_000091305  GCA_033792695  ...         0.0220          0.0461

[5 rows x 8 columns]
Pearson: 0.9785878922909919, R^2: 0.9576342629385258
Slope: SCC 0.9737292927005867
Is there any correlation? p-value=6.942741825259389e-166
Negative correlation? p-value=1.0
Positive correlation? p-value=3.471370912629694e-166
Error_fastani vs Error_z16opt.out
           file1          file2  ...  Error_fastani  Error_hypergen
0  GCA_000009765  GCA_005406005  ...        -0.0039          0.4543
1  GCA_000009765  GCA_005405965  ...         0.0029          0.4264
2  GCA_000010605  GCA_009866455  ...         0.0228          0.0284
3  GCA_000091305  GCA_000738715  ...        -0.1051          0.0228
4  GCA_000091305  GCA_033792695  ...         0.0220          0.0461

[5 rows x 8 columns]
Pearson: 0.7811628208496095, R^2: 0.6102153526777192
Slope: SCC 0.7560870256800458
Is there any correlation? p-value=7.42137965854617e-49
Negative correlation? p-value=1.0
Positive correlation? p-value=3.710689829273085e-49
fastani max e: 0.9177999999999997
hypergen max e 1.5629000000000133
fastani median e: -0.017400000000009186
hypergen median e -0.00929999999999609
fastani mean e: -0.05682529182879395
hypergen mean e -0.11911128404669254
fastani std e: 0.22081710780646535
hypergen std e 0.394238249950123
max_error
       hypergen_file  max_error  MedianAE  ...      MAEf     MRSSf     MPAEf
2  s2400-d131072.out     1.2519    0.2026  ... -0.106696 -0.135164 -0.110111
1        default.out     1.3779    0.1915  ... -0.107930 -0.144218 -0.111456
0     z16default.out     1.5299    0.2629  ... -0.164912 -0.208240 -0.170150
3         z16opt.out     1.5629    0.2466  ... -0.144405 -0.183509 -0.148826

[4 rows x 10 columns]
MedianAE
       hypergen_file  max_error  MedianAE  ...      MAEf     MRSSf     MPAEf
1        default.out     1.3779    0.1915  ... -0.107930 -0.144218 -0.111456
2  s2400-d131072.out     1.2519    0.2026  ... -0.106696 -0.135164 -0.110111
3         z16opt.out     1.5629    0.2466  ... -0.144405 -0.183509 -0.148826
0     z16default.out     1.5299    0.2629  ... -0.164912 -0.208240 -0.170150

[4 rows x 10 columns]
MAE
       hypergen_file  max_error  MedianAE  ...      MAEf     MRSSf     MPAEf
2  s2400-d131072.out     1.2519    0.2026  ... -0.106696 -0.135164 -0.110111
1        default.out     1.3779    0.1915  ... -0.107930 -0.144218 -0.111456
3         z16opt.out     1.5629    0.2466  ... -0.144405 -0.183509 -0.148826
0     z16default.out     1.5299    0.2629  ... -0.164912 -0.208240 -0.170150

[4 rows x 10 columns]
MRSS
       hypergen_file  max_error  MedianAE  ...      MAEf     MRSSf     MPAEf
2  s2400-d131072.out     1.2519    0.2026  ... -0.106696 -0.135164 -0.110111
1        default.out     1.3779    0.1915  ... -0.107930 -0.144218 -0.111456
3         z16opt.out     1.5629    0.2466  ... -0.144405 -0.183509 -0.148826
0     z16default.out     1.5299    0.2629  ... -0.164912 -0.208240 -0.170150

[4 rows x 10 columns]
MPAE
       hypergen_file  max_error  MedianAE  ...      MAEf     MRSSf     MPAEf
2  s2400-d131072.out     1.2519    0.2026  ... -0.106696 -0.135164 -0.110111
1        default.out     1.3779    0.1915  ... -0.107930 -0.144218 -0.111456
3         z16opt.out     1.5629    0.2466  ... -0.144405 -0.183509 -0.148826
0     z16default.out     1.5299    0.2629  ... -0.164912 -0.208240 -0.170150

[4 rows x 10 columns]
N= 16205